0.000000000000000000e+00 2.878994368300154000e-04 1.799730514015905776e-04
3.997625196897375277e-01 8.205615069825729271e-04 1.487579520291275011e-04
7.995250393794750554e-01 1.019809595058648617e-03 1.065238058338184389e-04
1.199287559069212694e+00 5.585026815094370350e-03 1.826989765488892434e-04
1.599050078758950111e+00 4.110540167130549011e-02 3.123473469627769598e-04
1.998812598448687750e+00 1.165744239727784792e-01 5.545268454419120720e-04
2.398575118138425388e+00 2.553783972502037258e-01 7.617262920395720003e-04
2.798337637828162805e+00 4.035566090659375438e-01 7.551262184043441503e-04
3.198100157517900222e+00 5.354844447462940860e-01 9.140044356621758763e-04
3.597862677207637638e+00 6.767563470183670660e-01 9.402082764184788123e-04
3.997625196897375499e+00 8.116643322876198052e-01 1.028995647989075155e-03
4.397387716587112472e+00 9.325586265710879008e-01 1.198356569420212618e-03
4.797150236276850777e+00 1.000000000000000000e+00 1.150833085151641358e-03
5.196912755966588193e+00 9.823387558263086961e-01 1.274277602969840599e-03
5.596675275656325610e+00 8.781473877272026884e-01 1.209003114955277012e-03
5.996437795346063027e+00 7.554859684756954907e-01 1.003580047160851406e-03
6.396200315035800443e+00 6.227112665308489614e-01 8.119071188758597351e-04
6.795962834725537860e+00 5.079657963747284954e-01 6.896509149394037391e-04
7.195725354415275277e+00 3.606322596068013975e-01 5.554001768992564755e-04
7.595487874105013582e+00 2.070902434229216771e-01 5.332537063137869973e-04
7.995250393794750998e+00 9.019311587958156462e-02 4.931106807617396774e-04
8.395012913484487527e+00 2.234913566029531062e-02 3.639439591203081129e-04
8.794775433174224943e+00 1.910513620480624314e-03 2.102847646013082737e-04
9.194537952863964136e+00 -5.797411165322476285e-05 2.193144331738893036e-04
9.594300472553701553e+00 -2.412251225468500229e-04 2.117727643679251739e-04
9.994062992243438970e+00 -2.878994368300152374e-04 1.799730514015904963e-04
