3.200000000000000000e+03 1.930471741422225307e+01 4.504402805702724388e-03
3.290909179687500000e+03 1.918115962638278660e+01 1.980443571465707788e-03
3.381818115234375000e+03 1.913795124863303343e+01 1.046004544799793070e-03
3.472727294921875000e+03 1.901802788095013241e+01 6.726433084689489557e-04
3.563636474609375000e+03 1.880650571126456327e+01 5.051207505501040165e-04
3.654545410156250000e+03 1.893716146882243478e+01 4.045481742722866142e-04
3.745454589843750000e+03 1.881308218675022204e+01 2.981306076853268297e-04
3.836363525390625000e+03 1.868526993441477657e+01 2.265248815611674640e-04
3.927272705078125000e+03 1.870857978520907494e+01 1.771980328349602213e-04
4.018181884765625000e+03 1.873111334306020481e+01 1.621123435896507179e-04
4.109090820312500000e+03 1.878195564965648856e+01 1.449849286293384578e-04
4.200000000000000000e+03 1.879706604745622656e+01 1.249008350684125042e-04
4.290909179687500000e+03 1.875627127862004784e+01 1.230210532518006064e-04
4.381818359375000000e+03 1.881171533501790449e+01 1.113452914491131602e-04
4.472727050781250000e+03 1.873759600443528228e+01 9.709127882532496640e-05
4.563636230468750000e+03 1.884244742708899523e+01 1.223774923919621212e-04
4.654545410156250000e+03 1.877727839863928594e+01 7.802380562661714294e-05
4.745454589843750000e+03 1.891674548072597517e+01 1.183728597725592160e-04
4.836363769531250000e+03 1.897343041817552134e+01 1.272742681633326598e-04
4.927272949218750000e+03 1.900270369086705102e+01 1.291233649030591073e-04
5.018181640625000000e+03 1.894871257168188805e+01 1.723588964201549080e-04
5.109090820312500000e+03 1.898493207282590589e+01 1.696447620665322105e-04
5.200000000000000000e+03 1.899066475992933434e+01 1.764820955996164345e-04
5.290909179687500000e+03 1.902399313059963504e+01 1.470777391538091109e-04
5.381818359375000000e+03 1.902154308889345913e+01 1.353861073785958503e-04
5.472727050781250000e+03 1.909663156027705000e+01 1.183254981176578554e-04
5.563636230468750000e+03 1.910785228694108184e+01 1.109307710474110827e-04
5.654545410156250000e+03 1.912646986211535705e+01 1.051624866323385180e-04
5.745454589843750000e+03 1.913249608112228728e+01 1.082416852583653605e-04
5.836363769531250000e+03 1.919895381877837082e+01 9.434573038433435822e-05
5.927272949218750000e+03 1.923444722883476388e+01 9.367762139900479349e-05
6.018181640625000000e+03 1.927654201669334455e+01 9.812856967227061202e-05
6.109090820312500000e+03 1.931250558011309693e+01 9.638371823940299955e-05
6.200000000000000000e+03 1.938692520951943266e+01 8.790907631316203564e-05
6.290909179687500000e+03 1.940798838513510205e+01 1.030670583890531489e-04
6.381818359375000000e+03 1.946227283526879859e+01 1.165040269256683274e-04
6.472727050781250000e+03 1.950900445034315567e+01 1.109522387463378080e-04
6.563636230468750000e+03 1.956088105139600941e+01 1.297830374997278923e-04
6.654545410156250000e+03 1.963023407869662407e+01 1.300496268965365548e-04
6.745454589843750000e+03 1.966866668009327057e+01 1.319087744078909473e-04
6.836363769531250000e+03 1.975859263456750625e+01 1.452433372736524524e-04
6.927272949218750000e+03 1.982246779498782630e+01 1.384676117603105688e-04
7.018181640625000000e+03 1.986874115059397994e+01 1.804629719419487664e-04
7.109090820312500000e+03 2.063280692940118399e+01 1.632422270730135919e-03
7.200000000000000000e+03 2.069885599570687873e+01 1.771341624393833140e-03
7.290909179687500000e+03 2.066837689641233666e+01 1.789521706092096331e-03
7.381818359375000000e+03 2.096389539995736584e+01 2.229268241730821519e-03
7.472727050781250000e+03 2.089480140365014904e+01 1.975959436660991875e-03
7.563636230468750000e+03 2.089518276207482117e+01 2.355340128975137032e-03
7.654545410156250000e+03 2.099796236090277191e+01 2.274781924193184247e-03
7.745454589843750000e+03 2.107897232207269766e+01 2.490847621288473385e-03
7.836363769531250000e+03 2.115471705150651260e+01 2.931365212922167757e-03
7.927272949218750000e+03 2.097164664616866503e+01 4.891642552191256127e-03
8.018181640625000000e+03 2.101141518758134197e+01 3.072045438251900726e-03
8.109090820312500000e+03 2.129428425095569821e+01 3.389947162601614824e-03
8.200000000000000000e+03 2.150938936707316529e+01 3.677271885050506593e-03
8.290909179687500000e+03 2.147437625161981245e+01 3.787203178485628458e-03
8.381818359375000000e+03 2.146446134497345071e+01 3.982692356797702844e-03
8.472727539062500000e+03 2.157199977435356431e+01 3.850553907116733773e-03
8.563636718750000000e+03 2.168416549856139852e+01 3.766450443392058492e-03
8.654545898437500000e+03 2.173546786126535579e+01 3.538871791863241936e-03
8.745454101562500000e+03 2.182855373816434152e+01 3.471889172815424435e-03
8.836363281250000000e+03 2.187242315980394736e+01 3.085537354843445167e-03
8.927272460937500000e+03 2.198944090294789433e+01 3.103798522482797105e-03
9.018181640625000000e+03 2.203306645465877978e+01 2.921331639945592279e-03
9.109090820312500000e+03 2.214505268500343504e+01 5.524829014819715098e-03
9.200000000000000000e+03 2.233479211441724388e+01 2.696333094144358084e-03
9.290909179687500000e+03 2.226104825137935705e+01 2.693295247398642435e-03
9.381818359375000000e+03 2.236058586760239564e+01 2.666732510395354670e-03
9.472727539062500000e+03 2.245310873074139124e+01 2.720334751224062157e-03
9.563636718750000000e+03 2.238104339504656437e+01 3.032191291087993172e-03
9.654545898437500000e+03 2.266186814828040497e+01 2.753375750897528798e-03
9.745454101562500000e+03 2.256286125496606232e+01 4.493174855640851527e-03
9.836363281250000000e+03 2.269837092789324018e+01 3.080401301539812623e-03
9.927272460937500000e+03 2.291511618837203557e+01 3.494151601082158901e-03
1.001818164062500000e+04 2.293855931225635558e+01 3.913671387829551970e-03
1.010909082031250000e+04 2.272884840242066318e+01 3.616079106889535325e-03
