2.000000000000000000e+03 1.456000000000000000e+11 8.736000000000000000e+09
2.050000000000000000e+03 1.446000000000000000e+11 6.217800000000000000e+09
2.100000000000000000e+03 1.462000000000000000e+11 5.701800000000000000e+09
2.150000000000000000e+03 1.491000000000000000e+11 5.516700000000000000e+09
2.200000000000000000e+03 1.499000000000000000e+11 1.798800000000000000e+09
2.250000000000000000e+03 1.509000000000000000e+11 1.810800000000000000e+09
2.300000000000000000e+03 1.557000000000000000e+11 2.024100000000000000e+09
2.350000000000000000e+03 1.623000000000000000e+11 1.947600000000000000e+09
2.400000000000000000e+03 1.613000000000000000e+11 1.935600000000000000e+09
2.450000000000000000e+03 1.568000000000000000e+11 1.881600000000000000e+09
2.500000000000000000e+03 1.502000000000000000e+11 1.952600000000000000e+09
2.550000000000000000e+03 1.423000000000000000e+11 1.707600000000000000e+09
2.600000000000000000e+03 1.355000000000000000e+11 1.626000000000000000e+09
2.650000000000000000e+03 1.283000000000000000e+11 1.411300000000000000e+09
2.700000000000000000e+03 1.220000000000000000e+11 1.342000000000000238e+09
2.750000000000000000e+03 1.206000000000000000e+11 1.326600000000000238e+09
2.800000000000000000e+03 1.241000000000000000e+11 1.365100000000000238e+09
2.850000000000000000e+03 1.307000000000000000e+11 1.568400000000000000e+09
2.900000000000000000e+03 1.383000000000000000e+11 1.521300000000000000e+09
2.950000000000000000e+03 1.481000000000000000e+11 1.629100000000000000e+09
3.000000000000000000e+03 1.562000000000000000e+11 1.718200000000000000e+09
3.050000000000000000e+03 1.609000000000000000e+11 1.769900000000000000e+09
3.100000000000000000e+03 1.639000000000000000e+11 1.639000000000000000e+09
3.150000000000000000e+03 1.665000000000000000e+11 1.665000000000000000e+09
3.200000000000000000e+03 1.686000000000000000e+11 1.854600000000000000e+09
3.250000000000000000e+03 1.703000000000000000e+11 1.873300000000000000e+09
3.300000000000000000e+03 1.718000000000000000e+11 2.075867298263547659e+09
3.350000000000000000e+03 1.732000000000000000e+11 2.092783562626580238e+09
3.400000000000000000e+03 1.744000000000000000e+11 2.107283217794893503e+09
3.450000000000000000e+03 1.748000000000000000e+11 2.112116436184331417e+09
3.500000000000000000e+03 1.759000000000000000e+11 1.019764984739131093e+09
3.550000000000000000e+03 1.735000000000000000e+11 9.723742450826225281e+08
3.600000000000000000e+03 1.709000000000000000e+11 8.921241911864064932e+08
3.650000000000000000e+03 1.685000000000000000e+11 8.473724107498426437e+08
3.700000000000000000e+03 1.693000000000000000e+11 8.513955438572602272e+08
3.750000000000000000e+03 1.745000000000000000e+11 8.442987341575255394e+08
3.800000000000000000e+03 1.821000000000000000e+11 8.810704841838705540e+08
3.850000000000000000e+03 1.893000000000000000e+11 8.442440441602178812e+08
3.900000000000000000e+03 1.963000000000000000e+11 8.385939676029156446e+08
3.950000000000000000e+03 2.026000000000000000e+11 8.655075794006658792e+08
4.000000000000000000e+03 2.081000000000000000e+11 8.501591797422410250e+08
4.050000000000000000e+03 2.131000000000000000e+11 8.310900000000000000e+08
4.100000000000000000e+03 2.181000000000000000e+11 8.104990401598265171e+08
4.150000000000000000e+03 2.228000000000000000e+11 8.279650900853247643e+08
4.200000000000000000e+03 2.274000000000000000e+11 8.036587537008478642e+08
4.250000000000000000e+03 2.317000000000000000e+11 8.188554671613299847e+08
4.300000000000000000e+03 2.357000000000000000e+11 7.905618334450505972e+08
4.350000000000000000e+03 2.399000000000000000e+11 7.620366007614071369e+08
4.400000000000000000e+03 2.439000000000000000e+11 7.747425049008220434e+08
4.450000000000000000e+03 2.477000000000000000e+11 7.435127187210720778e+08
4.500000000000000000e+03 2.516000000000000000e+11 7.552192169165189266e+08
4.550000000000000000e+03 2.553000000000000000e+11 7.225486149042153358e+08
4.600000000000000000e+03 2.591000000000000000e+11 7.333033533947597742e+08
4.650000000000000000e+03 2.626000000000000000e+11 6.992264357130671740e+08
4.700000000000000000e+03 2.663000000000000000e+11 7.090784456602809429e+08
4.750000000000000000e+03 2.699000000000000000e+11 7.186641850683808327e+08
4.800000000000000000e+03 2.733000000000000000e+11 7.277173833982530832e+08
4.850000000000000000e+03 2.768000000000000000e+11 7.370368522672390938e+08
4.900000000000000000e+03 2.802000000000000000e+11 7.460900505971112251e+08
4.950000000000000000e+03 2.837000000000000000e+11 7.554095194660972357e+08
5.000000000000000000e+03 2.871000000000000000e+11 7.644627177959694862e+08
5.050000000000000000e+03 2.905000000000000000e+11 7.735159161258416176e+08
5.100000000000000000e+03 2.939000000000000000e+11 7.825691144557137489e+08
5.150000000000000000e+03 2.973000000000000000e+11 7.432500000000000000e+08
5.200000000000000000e+03 3.006000000000000000e+11 7.515000000000000000e+08
5.250000000000000000e+03 3.040000000000000000e+11 7.600000000000000000e+08
5.300000000000000000e+03 3.073000000000000000e+11 7.682500000000000000e+08
5.350000000000000000e+03 3.105000000000000000e+11 7.762500000000000000e+08
5.400000000000000000e+03 3.139000000000000000e+11 7.847500000000000000e+08
5.450000000000000000e+03 3.171000000000000000e+11 7.927500000000000000e+08
5.500000000000000000e+03 3.203000000000000000e+11 8.007500000000000000e+08
5.550000000000000000e+03 3.236000000000000000e+11 8.090000000000000000e+08
5.600000000000000000e+03 3.269000000000000000e+11 8.172500000000000000e+08
5.650000000000000000e+03 3.302000000000000000e+11 8.255000000000000000e+08
5.700000000000000000e+03 3.333000000000000000e+11 8.332500000000000000e+08
5.750000000000000000e+03 3.365000000000000000e+11 8.412500000000000000e+08
5.800000000000000000e+03 3.398000000000000000e+11 8.495000000000000000e+08
5.850000000000000000e+03 3.430000000000000000e+11 8.575000000000000000e+08
5.900000000000000000e+03 3.461000000000000000e+11 8.652500000000000000e+08
5.950000000000000000e+03 3.494000000000000000e+11 8.735000000000000000e+08
6.000000000000000000e+03 3.526000000000000000e+11 8.815000000000000000e+08
6.050000000000000000e+03 3.558000000000000000e+11 8.895000000000000000e+08
6.100000000000000000e+03 3.589000000000000000e+11 8.972500000000000000e+08
6.150000000000000000e+03 3.622000000000000000e+11 9.055000000000000000e+08
6.200000000000000000e+03 3.653000000000000000e+11 9.132500000000000000e+08
6.250000000000000000e+03 3.684000000000000000e+11 9.210000000000000000e+08
6.300000000000000000e+03 3.716000000000000000e+11 9.290000000000000000e+08
6.350000000000000000e+03 3.747000000000000000e+11 9.367500000000000000e+08
6.400000000000000000e+03 3.779000000000000000e+11 9.447500000000000000e+08
6.450000000000000000e+03 3.810000000000000000e+11 9.525000000000000000e+08
6.500000000000000000e+03 3.842000000000000000e+11 9.605000000000000000e+08
6.550000000000000000e+03 3.873000000000000000e+11 9.682500000000000000e+08
6.600000000000000000e+03 3.904000000000000000e+11 9.760000000000000000e+08
6.650000000000000000e+03 3.935000000000000000e+11 9.837500000000000000e+08
6.700000000000000000e+03 3.967000000000000000e+11 9.917500000000000000e+08
6.750000000000000000e+03 3.998000000000000000e+11 9.995000000000000000e+08
6.800000000000000000e+03 4.029000000000000000e+11 1.007250000000000000e+09
6.850000000000000000e+03 4.060000000000000000e+11 1.015000000000000000e+09
6.900000000000000000e+03 4.092000000000000000e+11 1.023000000000000000e+09
6.950000000000000000e+03 4.122000000000000000e+11 1.030500000000000000e+09
7.000000000000000000e+03 4.153000000000000000e+11 1.038250000000000000e+09
7.050000000000000000e+03 4.184000000000000000e+11 1.046000000000000000e+09
7.100000000000000000e+03 4.214000000000000000e+11 1.053500000000000000e+09
7.150000000000000000e+03 4.245000000000000000e+11 1.061250000000000000e+09
7.200000000000000000e+03 4.276000000000000000e+11 1.069000000000000000e+09
7.250000000000000000e+03 4.306000000000000000e+11 1.076500000000000000e+09
7.300000000000000000e+03 4.337000000000000000e+11 1.084250000000000000e+09
7.350000000000000000e+03 4.368000000000000000e+11 1.092000000000000000e+09
7.400000000000000000e+03 4.399000000000000000e+11 1.099750000000000000e+09
7.450000000000000000e+03 4.429000000000000000e+11 1.107250000000000000e+09
7.500000000000000000e+03 4.460000000000000000e+11 1.115000000000000000e+09
7.550000000000000000e+03 4.491000000000000000e+11 1.122750000000000000e+09
7.600000000000000000e+03 4.520000000000000000e+11 1.130000000000000000e+09
7.650000000000000000e+03 4.550000000000000000e+11 1.137500000000000000e+09
7.700000000000000000e+03 4.580000000000000000e+11 1.145000000000000000e+09
7.750000000000000000e+03 4.611000000000000000e+11 1.152750000000000000e+09
7.800000000000000000e+03 4.640000000000000000e+11 1.160000000000000000e+09
7.850000000000000000e+03 4.669000000000000000e+11 1.167250000000000000e+09
7.900000000000000000e+03 4.700000000000000000e+11 1.175000000000000000e+09
7.950000000000000000e+03 4.729000000000000000e+11 1.182250000000000000e+09
8.000000000000000000e+03 4.759000000000000000e+11 1.189750000000000000e+09
8.050000000000000000e+03 4.788000000000000000e+11 1.197000000000000000e+09
8.100000000000000000e+03 4.818000000000000000e+11 1.204500000000000000e+09
8.150000000000000000e+03 4.848000000000000000e+11 1.212000000000000000e+09
8.200000000000000000e+03 4.876000000000000000e+11 1.219000000000000000e+09
8.250000000000000000e+03 4.905000000000000000e+11 1.226250000000000000e+09
8.300000000000000000e+03 4.934000000000000000e+11 1.233500000000000000e+09
8.350000000000000000e+03 4.963000000000000000e+11 1.240750000000000000e+09
8.400000000000000000e+03 4.992000000000000000e+11 1.248000000000000000e+09
8.450000000000000000e+03 5.019000000000000000e+11 1.254750000000000000e+09
8.500000000000000000e+03 5.047000000000000000e+11 1.261750000000000000e+09
8.550000000000000000e+03 5.076000000000000000e+11 1.269000000000000000e+09
8.600000000000000000e+03 5.103000000000000000e+11 1.275750000000000000e+09
8.650000000000000000e+03 5.131000000000000000e+11 1.282750000000000000e+09
8.700000000000000000e+03 5.159000000000000000e+11 1.289750000000000000e+09
8.750000000000000000e+03 5.186000000000000000e+11 1.296500000000000000e+09
8.800000000000000000e+03 5.213000000000000000e+11 1.303250000000000000e+09
8.850000000000000000e+03 5.239000000000000000e+11 1.309750000000000000e+09
8.900000000000000000e+03 5.265000000000000000e+11 1.316250000000000000e+09
8.950000000000000000e+03 5.292000000000000000e+11 1.323000000000000000e+09
9.000000000000000000e+03 5.318000000000000000e+11 1.329500000000000000e+09
9.050000000000000000e+03 5.343000000000000000e+11 1.335750000000000000e+09
9.100000000000000000e+03 5.369000000000000000e+11 1.342250000000000000e+09
9.150000000000000000e+03 5.392000000000000000e+11 1.348000000000000000e+09
9.200000000000000000e+03 5.417000000000000000e+11 1.354250000000000000e+09
9.250000000000000000e+03 5.440000000000000000e+11 1.360000000000000000e+09
9.300000000000000000e+03 5.461000000000000000e+11 1.365250000000000000e+09
9.350000000000000000e+03 5.482000000000000000e+11 1.370500000000000000e+09
9.400000000000000000e+03 5.499000000000000000e+11 1.374750000000000000e+09
9.450000000000000000e+03 5.516000000000000000e+11 1.379000000000000000e+09
9.500000000000000000e+03 5.531000000000000000e+11 1.382750000000000000e+09
9.550000000000000000e+03 5.557000000000000000e+11 3.667620000000000000e+09
9.600000000000000000e+03 5.560000000000000000e+11 4.003200000000000000e+09
9.650000000000000000e+03 5.563000000000000000e+11 4.227880000000000000e+09
9.700000000000000000e+03 5.565000000000000000e+11 4.563300000000000000e+09
9.750000000000000000e+03 5.556000000000000000e+11 4.889280000000000000e+09
9.800000000000000000e+03 5.535000000000000000e+11 5.202900000000000000e+09
9.850000000000000000e+03 5.504000000000000000e+11 5.504000000000000000e+09
9.900000000000000000e+03 5.461000000000000000e+11 5.461000000000000000e+09
9.950000000000000000e+03 5.407000000000000000e+11 5.947700000000000000e+09
1.000000000000000000e+04 5.342000000000000000e+11 6.410400000000000000e+09
1.005000000000000000e+04 5.255000000000000000e+11 6.306000000000000000e+09
1.010000000000000000e+04 5.147000000000000000e+11 6.691100000000000000e+09
1.015000000000000000e+04 5.018000000000000000e+11 7.025200000000000000e+09
1.020000000000000000e+04 4.877000000000000000e+11 6.827800000000000000e+09
1.025000000000000000e+04 4.706000000000000000e+11 7.059000000000000000e+09
1.030000000000000000e+04 4.513000000000000000e+11 7.220800000000000000e+09
1.035000000000000000e+04 4.300000000000000000e+11 7.310000000000000000e+09
1.040000000000000000e+04 4.066000000000000000e+11 7.318800000000000000e+09
1.045000000000000000e+04 3.823000000000000000e+11 7.263700000000000000e+09
1.050000000000000000e+04 3.549000000000000000e+11 7.098000000000000000e+09
1.055000000000000000e+04 3.277000000000000000e+11 6.881700000000000000e+09
1.060000000000000000e+04 2.985000000000000000e+11 6.567000000000000000e+09
1.065000000000000000e+04 2.715000000000000000e+11 6.244500000000000000e+09
1.070000000000000000e+04 2.499000000000000000e+11 5.997600000000000000e+09
1.075000000000000000e+04 2.304000000000000000e+11 5.760000000000000000e+09
1.080000000000000000e+04 2.121000000000000000e+11 5.514600000000000000e+09
1.085000000000000000e+04 1.939000000000000000e+11 5.235300000000000954e+09
1.090000000000000000e+04 1.768000000000000000e+11 4.950399999999999046e+09
1.095000000000000000e+04 1.598000000000000000e+11 4.634200000000000000e+09
1.100000000000000000e+04 1.450000000000000000e+11 4.205000000000000000e+09
