2.000000000000000000e+03 1.439000000000000000e+12 8.634000000000000000e+10
2.100000000000000000e+03 1.449000000000000000e+12 5.651100000000000000e+10
2.200000000000000000e+03 1.488000000000000000e+12 1.785600000000000000e+10
2.300000000000000000e+03 1.549000000000000000e+12 2.013700000000000000e+10
2.400000000000000000e+03 1.609000000000000000e+12 1.930800000000000000e+10
2.500000000000000000e+03 1.500000000000000000e+12 1.950000000000000000e+10
2.600000000000000000e+03 1.356000000000000000e+12 1.627200000000000000e+10
2.700000000000000000e+03 1.223000000000000000e+12 1.345300000000000000e+10
2.800000000000000000e+03 1.246000000000000000e+12 1.370600000000000000e+10
2.900000000000000000e+03 1.392000000000000000e+12 1.531200000000000191e+10
3.000000000000000000e+03 1.574000000000000000e+12 1.731400000000000381e+10
3.100000000000000000e+03 1.654000000000000000e+12 1.654000000000000000e+10
3.200000000000000000e+03 1.705000000000000000e+12 1.875500000000000381e+10
3.300000000000000000e+03 1.739000000000000000e+12 1.912900000000000381e+10
3.400000000000000000e+03 1.767000000000000000e+12 1.943700000000000381e+10
3.500000000000000000e+03 1.785000000000000000e+12 1.267350000000000191e+10
3.600000000000000000e+03 1.736000000000000000e+12 1.128400000000000000e+10
3.700000000000000000e+03 1.722000000000000000e+12 1.084860000000000000e+10
3.800000000000000000e+03 1.853000000000000000e+12 1.130330000000000000e+10
3.900000000000000000e+03 2.000000000000000000e+12 1.100000000000000000e+10
4.000000000000000000e+03 2.121000000000000000e+12 1.124130000000000000e+10
4.100000000000000000e+03 2.225000000000000000e+12 1.090250000000000000e+10
4.200000000000000000e+03 2.321000000000000000e+12 1.090869999999999809e+10
4.300000000000000000e+03 2.406000000000000000e+12 1.082699999999999809e+10
4.400000000000000000e+03 2.491000000000000000e+12 1.071130000000000191e+10
4.500000000000000000e+03 2.570000000000000000e+12 1.053700000000000191e+10
4.600000000000000000e+03 2.647000000000000000e+12 1.032330000000000000e+10
4.700000000000000000e+03 2.720000000000000000e+12 1.006400000000000000e+10
4.800000000000000000e+03 2.792000000000000000e+12 1.033040000000000000e+10
4.900000000000000000e+03 2.863000000000000000e+12 1.059310000000000000e+10
5.000000000000000000e+03 2.932000000000000000e+12 1.084840000000000000e+10
5.100000000000000000e+03 3.001000000000000000e+12 1.110370000000000000e+10
5.200000000000000000e+03 3.069000000000000000e+12 1.074149999999999809e+10
5.300000000000000000e+03 3.136000000000000000e+12 1.097599999999999809e+10
5.400000000000000000e+03 3.202000000000000000e+12 1.120700000000000000e+10
5.500000000000000000e+03 3.267000000000000000e+12 1.143450000000000000e+10
5.600000000000000000e+03 3.332000000000000000e+12 1.166200000000000000e+10
5.700000000000000000e+03 3.395000000000000000e+12 1.188250000000000000e+10
5.800000000000000000e+03 3.460000000000000000e+12 1.211000000000000000e+10
5.900000000000000000e+03 3.523000000000000000e+12 1.233050000000000000e+10
6.000000000000000000e+03 3.587000000000000000e+12 1.255450000000000000e+10
6.100000000000000000e+03 3.649000000000000000e+12 1.277150000000000000e+10
6.200000000000000000e+03 3.712000000000000000e+12 1.299200000000000000e+10
6.300000000000000000e+03 3.774000000000000000e+12 1.320900000000000000e+10
6.400000000000000000e+03 3.836000000000000000e+12 1.342600000000000000e+10
6.500000000000000000e+03 3.899000000000000000e+12 1.364650000000000000e+10
6.600000000000000000e+03 3.960000000000000000e+12 1.386000000000000000e+10
6.700000000000000000e+03 4.021000000000000000e+12 1.407350000000000000e+10
6.800000000000000000e+03 4.083000000000000000e+12 1.429050000000000000e+10
6.900000000000000000e+03 4.145000000000000000e+12 1.450750000000000000e+10
7.000000000000000000e+03 4.206000000000000000e+12 1.472100000000000000e+10
7.100000000000000000e+03 4.267000000000000000e+12 1.493450000000000000e+10
7.200000000000000000e+03 4.329000000000000000e+12 1.515150000000000000e+10
7.300000000000000000e+03 4.389000000000000000e+12 1.536150000000000000e+10
7.400000000000000000e+03 4.452000000000000000e+12 1.558200000000000000e+10
7.500000000000000000e+03 4.513000000000000000e+12 1.579550000000000000e+10
7.600000000000000000e+03 4.574000000000000000e+12 1.600900000000000000e+10
7.700000000000000000e+03 4.635000000000000000e+12 1.622250000000000000e+10
7.800000000000000000e+03 4.696000000000000000e+12 1.643600000000000000e+10
7.900000000000000000e+03 4.757000000000000000e+12 1.664950000000000000e+10
8.000000000000000000e+03 4.757000000000000000e+12 1.664950000000000000e+10
8.100000000000000000e+03 4.879000000000000000e+12 1.707650000000000000e+10
8.200000000000000000e+03 4.940000000000000000e+12 1.729000000000000000e+10
8.300000000000000000e+03 5.000000000000000000e+12 1.750000000000000000e+10
8.400000000000000000e+03 5.060000000000000000e+12 1.771000000000000000e+10
8.500000000000000000e+03 5.119000000000000000e+12 1.791650000000000000e+10
8.600000000000000000e+03 5.177000000000000000e+12 1.811950000000000000e+10
8.700000000000000000e+03 5.236000000000000000e+12 1.832600000000000000e+10
8.800000000000000000e+03 5.293000000000000000e+12 1.852550000000000000e+10
8.900000000000000000e+03 5.348000000000000000e+12 1.871800000000000000e+10
9.000000000000000000e+03 5.404000000000000000e+12 1.891400000000000000e+10
9.100000000000000000e+03 5.457000000000000000e+12 1.909950000000000000e+10
9.200000000000000000e+03 5.508000000000000000e+12 1.927799999999999619e+10
9.300000000000000000e+03 5.554000000000000000e+12 1.943899999999999619e+10
9.400000000000000000e+03 5.593000000000000000e+12 1.957549999999999619e+10
9.500000000000000000e+03 5.626000000000000000e+12 1.969099999999999619e+10
9.600000000000000000e+03 5.655000000000000000e+12 4.071600000000000000e+10
9.700000000000000000e+03 5.658000000000000000e+12 4.639560000000000000e+10
9.800000000000000000e+03 5.626000000000000000e+12 5.288440000000000000e+10
9.900000000000000000e+03 5.547000000000000000e+12 5.547000000000000000e+10
1.000000000000000000e+04 5.422000000000000000e+12 6.506400000000000000e+10
1.010000000000000000e+04 5.219000000000000000e+12 6.784700000000000000e+10
1.020000000000000000e+04 4.939000000000000000e+12 6.914600000000000000e+10
1.030000000000000000e+04 4.563000000000000000e+12 7.300800000000000000e+10
1.040000000000000000e+04 4.103000000000000000e+12 7.385400000000000000e+10
1.050000000000000000e+04 3.574000000000000000e+12 7.148000000000000000e+10
1.060000000000000000e+04 2.998000000000000000e+12 6.595600000000000763e+10
1.070000000000000000e+04 2.502000000000000000e+12 6.004800000000000000e+10
1.080000000000000000e+04 2.117000000000000000e+12 5.504200000000000000e+10
1.090000000000000000e+04 1.758000000000000000e+12 4.922400000000000000e+10
1.100000000000000000e+04 1.436000000000000000e+12 4.164400000000000000e+10
