3.200000000000000000e+03 nan nan
3.290909179687500000e+03 1.904119700833341611e+01 4.417931037158551871e-02
3.381818115234375000e+03 1.901516970540136953e+01 3.213738299137820775e-02
3.472727294921875000e+03 1.888247700424037134e+01 2.575397366920951364e-02
3.563636474609375000e+03 1.867136711248361536e+01 2.231583244143323097e-02
3.654545410156250000e+03 1.875232664538393834e+01 1.991736769520076680e-02
3.745454589843750000e+03 1.867139489812878139e+01 1.713994480987473742e-02
3.836363525390625000e+03 1.858068094835858020e+01 1.497189733186610541e-02
3.927272705078125000e+03 1.859630606965350097e+01 1.323752834766579387e-02
4.018181884765625000e+03 1.861666154920712302e+01 1.265974595274906370e-02
4.109090820312500000e+03 1.866564074668386652e+01 1.197201193825034662e-02
4.200000000000000000e+03 1.867672118105503642e+01 1.111025429840458052e-02
4.290909179687500000e+03 1.863286726987135467e+01 1.102421584476142788e-02
4.381818359375000000e+03 1.869281996817443314e+01 1.049157371959186409e-02
4.472727050781250000e+03 1.861120666949431524e+01 9.793351256304190164e-03
4.563636230468750000e+03 1.871224895634578189e+01 1.099188490246137510e-02
4.654545410156250000e+03 1.864448097557179196e+01 8.777645631760103151e-03
4.745454589843750000e+03 1.878123151468291496e+01 1.080793384627025920e-02
4.836363769531250000e+03 1.883069518664944653e+01 1.120233527687063309e-02
4.927272949218750000e+03 1.886043370406435926e+01 1.128379476753949354e-02
5.018181640625000000e+03 1.880568375193515251e+01 1.303460339409535061e-02
5.109090820312500000e+03 1.883926772614276501e+01 1.292972354308881758e-02
5.200000000000000000e+03 1.884552830324585670e+01 1.318800470550518349e-02
5.290909179687500000e+03 1.888143834675187804e+01 1.204197226555598320e-02
5.381818359375000000e+03 1.887350154738523500e+01 1.155042630488671736e-02
5.472727050781250000e+03 1.894877286964884178e+01 1.079955565082682881e-02
5.563636230468750000e+03 1.895716421296927123e+01 1.045544987770934131e-02
5.654545410156250000e+03 1.897803473509553740e+01 1.018166349073738874e-02
5.745454589843750000e+03 1.897972013013130521e+01 1.032689528819627327e-02
5.836363769531250000e+03 1.904754392368603888e+01 9.643167667593955175e-03
5.927272949218750000e+03 1.908066373722001785e+01 9.607941918197623887e-03
6.018181640625000000e+03 1.912169258530599691e+01 9.832926035301239875e-03
6.109090820312500000e+03 1.915769378400903733e+01 9.745662998008311831e-03
6.200000000000000000e+03 1.922865575402997251e+01 9.306447581177079362e-03
6.290909179687500000e+03 1.924739473936479328e+01 1.007468898182378551e-02
6.381818359375000000e+03 1.930118806480298943e+01 1.071034464249660811e-02
6.472727050781250000e+03 1.934823137117821190e+01 1.045311911539137904e-02
6.563636230468750000e+03 1.939488240875837732e+01 1.130129347571068657e-02
6.654545410156250000e+03 1.946229360963808830e+01 1.131227097451981828e-02
6.745454589843750000e+03 1.950265991550845612e+01 1.139420215225643226e-02
6.836363769531250000e+03 1.958917825809690783e+01 1.195499783077519709e-02
6.927272949218750000e+03 1.965017023712765365e+01 1.167074467912539160e-02
7.018181640625000000e+03 1.969363066006411245e+01 1.332049430531016126e-02
7.109090820312500000e+03 2.044441190838022848e+01 4.003612403180911716e-02
7.200000000000000000e+03 2.050897128266196390e+01 4.170400491910671720e-02
7.290909179687500000e+03 2.047015904239827222e+01 4.189905732641530101e-02
7.381818359375000000e+03 2.076069587685489282e+01 4.676248323362343362e-02
7.472727050781250000e+03 2.068603419576255220e+01 4.400976765104255145e-02
7.563636230468750000e+03 2.068414492579567465e+01 4.804454320659456990e-02
7.654545410156250000e+03 2.077949542602923927e+01 4.720044476810232592e-02
7.745454589843750000e+03 2.085758707738957440e+01 4.938527257648052393e-02
7.836363769531250000e+03 2.092978985988920826e+01 5.356841832389978159e-02
7.927272949218750000e+03 2.081227727645270065e+01 6.943600894565006565e-02
8.018181640625000000e+03 2.098776072827334005e+01 5.539291238844729071e-02
8.109090820312500000e+03 2.105867136310735077e+01 5.758138133394685027e-02
8.200000000000000000e+03 2.126349841844966804e+01 5.994855782283441126e-02
8.290909179687500000e+03 2.122859394636579822e+01 6.083719213306908180e-02
8.381818359375000000e+03 2.121408995878508108e+01 6.237247489734207284e-02
8.472727539062500000e+03 2.131724017356509293e+01 6.132149104721412725e-02
8.563636718750000000e+03 2.142624379040164584e+01 6.064281261068320272e-02
8.654545898437500000e+03 2.147281312628352623e+01 5.877141263937257776e-02
8.745454101562500000e+03 2.156211505072765533e+01 5.820577439583084212e-02
8.836363281250000000e+03 2.160456952952423393e+01 5.486949028913734594e-02
8.927272460937500000e+03 2.171331941397510690e+01 5.501405743692284328e-02
9.018181640625000000e+03 2.175307600139511877e+01 5.336544745632580689e-02
9.109090820312500000e+03 2.186146642303283727e+01 7.337591928927807150e-02
9.200000000000000000e+03 2.204191731223342288e+01 5.124749426287273507e-02
9.290909179687500000e+03 2.196627937805545727e+01 5.121257732335608714e-02
9.381818359375000000e+03 2.206338079783367689e+01 5.095577872041895384e-02
9.472727539062500000e+03 2.214311150716898879e+01 5.143889177394477680e-02
9.563636718750000000e+03 2.207818682137046906e+01 5.432120684590179688e-02
9.654545898437500000e+03 2.234319687753237815e+01 5.173525197140009524e-02
9.745454101562500000e+03 2.223597952434612068e+01 6.608319124729010452e-02
9.836363281250000000e+03 2.236561432145375505e+01 5.468643769309024238e-02
9.927272460937500000e+03 2.258721864534710377e+01 5.827313895445658531e-02
1.001818164062500000e+04 nan nan
1.010909082031250000e+04 nan nan
