3.214891621580375613e+03 1.969069022577169292e+01 1.001998003990027968e+02
3.274814070740751959e+03 1.959110133752443872e+01 4.294333932561008454e-02
3.334686544099247840e+03 1.942069376501397926e+01 3.354989011861347903e-02
3.394509041655864166e+03 1.926092108539995706e+01 2.735117124072628317e-02
3.454661135720487891e+03 1.916226723480728822e+01 2.291661769657263661e-02
3.514383925457743771e+03 1.897262451182600884e+01 2.012750399473771726e-02
3.574436311703007505e+03 1.886425695671470848e+01 1.836481165501020751e-02
3.634438478361992111e+03 1.887270275214985205e+01 1.700209074758081765e-02
3.694021579638383628e+03 1.868150247082842341e+01 1.567659637862283892e-02
3.753914043317631695e+03 1.870175636558643006e+01 1.419080465048551051e-02
3.814126108344511522e+03 1.854634598811280455e+01 1.262411743443574846e-02
3.873918620420000025e+03 1.857308671534302746e+01 1.177278829034235363e-02
3.933651405317631543e+03 1.854014631880246355e+01 1.063806044545883255e-02
3.993703547778495704e+03 1.860228139890833887e+01 9.813353184336903734e-03
4.053685967901127697e+03 1.860217088015529896e+01 1.009360490615696798e-02
4.113618168437480563e+03 1.863714594831118632e+01 9.482224670142083353e-03
4.173500880740752109e+03 1.863087131532744323e+01 9.126428441690051518e-03
4.233313383136992343e+03 1.867692371138428342e+01 8.899653217506187097e-03
4.293425740344511723e+03 1.867367339228867351e+01 8.776426926046947824e-03
4.353118300816239753e+03 1.866941094584882421e+01 8.622025658627735858e-03
4.413110716099247838e+03 1.870223540951864649e+01 8.370998485349535889e-03
4.473043160419999367e+03 1.855559065187621925e+01 8.148072185644075760e-03
4.532905882402519637e+03 1.852417386508310670e+01 8.601664470556220909e-03
4.592708145853984206e+03 1.844946332785606202e+01 8.227611140454855337e-03
4.652810264116727922e+03 1.833442747571643139e+01 7.215792894745832499e-03
4.712832908665263858e+03 1.837722692444125627e+01 6.966745005829041125e-03
4.772435756478007534e+03 1.838412533931152382e+01 8.872482274739976540e-03
4.832687558361992160e+03 1.841796707834445357e+01 8.071412166678807940e-03
4.892500060758232394e+03 1.832875031838306512e+01 9.116599571572705368e-03
4.952253079761015215e+03 1.841067800069370719e+01 8.891802200998784322e-03
5.015052722235687725e+03 1.838062455041388787e+01 9.632399047275405635e-03
5.074998720456113006e+03 1.837621674498548785e+01 9.684464830488861975e-03
5.134864292197216855e+03 1.838948648279447795e+01 9.683020089576672984e-03
5.194660648422783197e+03 1.839815173258558190e+01 9.703840627010715952e-03
5.254476501976669169e+03 1.840353027585390322e+01 9.173739351121248595e-03
5.314352309815140870e+03 1.841304686792284429e+01 8.832804304353084057e-03
5.374497668217641149e+03 1.843939519275058814e+01 8.546529906039825389e-03
5.434213597963886059e+03 1.843589245876928828e+01 8.173747512069839960e-03
5.494199078274159547e+03 1.846023249257498122e+01 7.992972351942049386e-03
5.554094870874159824e+03 1.849865859755525577e+01 7.742005341230246904e-03
5.613911211861254742e+03 1.849765647370373856e+01 7.564773834406141734e-03
5.674006364643330016e+03 1.849665214281808900e+01 7.433780432524014076e-03
5.733652591440829383e+03 1.853880920464716553e+01 7.276410609989898519e-03
5.793558620138197512e+03 1.856609561335548975e+01 7.189900944058746912e-03
5.853733711966386181e+03 1.857015702334434692e+01 7.003236502825342484e-03
5.913469626474159668e+03 1.859430286796170506e+01 6.895782345628363209e-03
5.973465342881801007e+03 1.860737112175803887e+01 7.015122765098377386e-03
6.033361135481801284e+03 1.864422799965476329e+01 7.145273403859634699e-03
6.093167240371528351e+03 1.866320304864616020e+01 7.114608389777116529e-03
6.152883170117773261e+03 1.869641419429577311e+01 6.878477144678156636e-03
6.212849153099726209e+03 1.873830781787580690e+01 6.675202215398775077e-03
6.272714724840830058e+03 1.872267269575598547e+01 7.195010285966207259e-03
6.332840098481801760e+03 1.877541231207262484e+01 7.340656176623844113e-03
6.392506310040829703e+03 1.880544531695007038e+01 7.639041158637712402e-03
6.452422087402357647e+03 1.881736525436244278e+01 7.690147988115276709e-03
6.512577681902225777e+03 1.888337507327495501e+01 7.527787702549709574e-03
6.572293611648471597e+03 1.888823584309653825e+01 8.065652885018382776e-03
6.632239122435687932e+03 1.891417786107437138e+01 8.056180560945357463e-03
6.692075448184311426e+03 1.893996721630975344e+01 7.988162838327195897e-03
6.752160852302225976e+03 1.899852854379169997e+01 8.037311047247652079e-03
6.811787094338197676e+03 1.899157497553272478e+01 8.131074591605093327e-03
6.871642917415140801e+03 1.904823732899607691e+01 7.566202191948741794e-03
6.931738070197216075e+03 1.915487298595469312e+01 7.964632289105563409e-03
6.991704053179169932e+03 1.915715317564897902e+01 9.103057287873446771e-03
7.011548410546789455e+03 1.916133010159895989e+01 9.011886994350607263e-03
7.011549408809999477e+03 1.966187056695217450e+01 2.796781022795099408e-02
7.051569624920272872e+03 1.970050178686716436e+01 2.777091799830833790e-02
7.111306026861254395e+03 1.979352638217256199e+01 2.824056386788019110e-02
7.171281271074160031e+03 1.978382576506996315e+01 2.871033310189502127e-02
7.231117596822782616e+03 1.986583275247605940e+01 2.904290858265129796e-02
7.291183016179169499e+03 1.979914536626504074e+01 2.943690464446583818e-02
7.351128526966385834e+03 1.993426476574203932e+01 2.978780534457232260e-02
7.410944380520272716e+03 2.001693170136762845e+01 3.033956888225821172e-02
7.470630576840829235e+03 2.006313002371955179e+01 3.090295545965293655e-02
7.530536605538197364e+03 2.009059903560483917e+01 3.166598423368731374e-02
7.590641994417641399e+03 2.016107315246136622e+01 3.364083676683164020e-02
7.650277985117772914e+03 2.019468818531959542e+01 3.279326107031899779e-02
7.710463313043329435e+03 2.020784106967352400e+01 3.590565986559283301e-02
7.770169494125414531e+03 2.029159462793539959e+01 3.473971552695517134e-02
7.830075522822782659e+03 2.032279252463684216e+01 3.628209172323615395e-02
7.890180911702225785e+03 2.038562967239238333e+01 3.687778246220310002e-02
7.949816902402358210e+03 2.030763029743508952e+01 3.769170150816033432e-02
8.009962260804857578e+03 2.043608602136354335e+01 4.413628461452407531e-02
8.069648457125415007e+03 2.055769046184466120e+01 3.992949351906539823e-02
8.129514516299725983e+03 2.040798252629992149e+01 4.371939129718421801e-02
8.189559950894584290e+03 2.056619124514859465e+01 4.184032840589002600e-02
8.249465979591954238e+03 2.061034500716622020e+01 4.179557289927336022e-02
8.309211642763886630e+03 2.072923702458734496e+01 4.272119925508324062e-02
8.369137656222783335e+03 2.061362199499814807e+01 5.981579914308765566e-02
8.429243045102226461e+03 2.078841880912133533e+01 4.427559821987490235e-02
8.488859051040830309e+03 2.087145795356006772e+01 4.289456741580365690e-02
8.548964439920273435e+03 2.084540943128994783e+01 4.258138132042509766e-02
8.608920674238066567e+03 2.088166755639082339e+01 4.249512875085904862e-02
8.668706306933057931e+03 2.102246730147572151e+01 4.232645360422100655e-02
8.728651817720274266e+03 2.101500273895074500e+01 4.104659602967727916e-02
8.788438425281679883e+03 2.112675639783891768e+01 3.999984683382966366e-02
8.848363463874160516e+03 2.106878210189621470e+01 3.872826889425248775e-02
8.908129599240830430e+03 2.119504070235454662e+01 3.909647961578441300e-02
8.968045864035566410e+03 2.121521683468612807e+01 3.801073966949500976e-02
9.028100559861377405e+03 2.127274742900158344e+01 3.783147577565563330e-02
9.087976855133056233e+03 2.140532931446572462e+01 3.792633375164505133e-02
9.147682548781933292e+03 2.142648934287387164e+01 3.694071473717725623e-02
9.207827907184433570e+03 2.143906936927477958e+01 3.723276713938393490e-02
9.267484857512510644e+03 2.143185946934688246e+01 3.682684783951547386e-02
9.327569774197218067e+03 2.156633441309904597e+01 3.651412315919989188e-02
9.387475315461377249e+03 2.157914137674555022e+01 3.630321218856218113e-02
9.447191732640831106e+03 2.174646223886560747e+01 3.642051704187849320e-02
9.507337091043329565e+03 2.170114775597151180e+01 3.640598018944691400e-02
9.566973569176670935e+03 2.173366397758830715e+01 3.641378417805532508e-02
9.627029239868896184e+03 2.184327952096132464e+01 3.705857823021091457e-02
9.686885062945839309e+03 2.193526214362826821e+01 3.900492417054062660e-02
9.746850071061377093e+03 2.186843342154923420e+01 3.809698812242399979e-02
9.806606457763886283e+03 2.203845938282158556e+01 3.798903433963427695e-02
9.866452532176670502e+03 2.200823701051287529e+01 3.971134085561055238e-02
9.926398042963886837e+03 2.214923214755153680e+01 4.039735899815237452e-02
9.986433241461378202e+03 2.218175251300285211e+01 4.265942260478251119e-02
9.986433241461378202e+03 2.215022127807274188e+01 4.661354767047826836e-02
