3.200010009765625000e+03 -5.405584473637559739e+01 9.468677094251397308e-02 -1.172637487111393284e+01 2.396805685552023668e-01
3.260020019531250000e+03 -6.992157023467952115e+01 9.483991493277565965e-02 -1.581779146970150585e+01 2.399843178928285359e-01
3.319979980468750000e+03 -8.825459337320158681e+01 9.473877346173384395e-02 -2.040007266213603998e+01 2.394068383786469023e-01
3.379889892578125000e+03 -1.080679447709920566e+02 9.474064295824156934e-02 -2.442637571762723425e+01 2.401008041723320940e-01
3.440129882812500000e+03 -1.278198727594280371e+02 9.486177950304609807e-02 -2.917381200382888196e+01 2.398130783908714592e-01
3.499939941406250000e+03 -1.448570620006017009e+02 9.469019378895970895e-02 -3.330903814987737377e+01 2.394782970120320764e-01
3.560080078125000000e+03 -1.583487266864342757e+02 9.492698253825919419e-02 -3.690406312443584369e+01 2.392109265343557445e-01
3.620169921875000000e+03 -1.701571964942790771e+02 9.481653288017455328e-02 -3.986289604609560655e+01 2.393973280169750528e-01
3.679840087890625000e+03 -1.858178222050421198e+02 9.488498725613461748e-02 -4.406449954330789609e+01 2.396746994305969936e-01
3.739820068359375000e+03 -2.050719040438455067e+02 9.516240080357951658e-02 -4.943406813761305330e+01 2.394713133677626171e-01
3.800120117187500000e+03 -2.281823812921811339e+02 9.499512474495690195e-02 -5.507826329048249647e+01 2.397480515395164768e-01
3.860000000000000000e+03 -2.452184085077277302e+02 9.499443539508446721e-02 -5.966557655993039333e+01 2.394854559417010087e-01
3.919820068359375000e+03 -2.709260326652412800e+02 9.491023552566164867e-02 -6.639795050317023595e+01 2.397573434740483678e-01
3.979959960937500000e+03 -2.974137689005159473e+02 9.502900857985049909e-02 -7.242980482284696109e+01 2.400436297983736533e-01
4.040030029296875000e+03 -2.896352619738545968e+02 9.502181381891304512e-02 -7.068080414709042714e+01 2.399182713543928924e-01
4.100049804687500000e+03 -3.079373209760966006e+02 9.496833519288420955e-02 -7.589789801421777327e+01 2.393153442062474767e-01
4.160020019531250000e+03 -3.194322292941956789e+02 9.501187848361523913e-02 -7.881724566391133635e+01 2.392910094811942223e-01
4.219919921875000000e+03 -3.300227965399029699e+02 9.509016538485000336e-02 -8.132357795433442504e+01 2.400286313601593113e-01
4.280120117187500000e+03 -3.336110107082528202e+02 9.515064928763534990e-02 -8.222304830821693145e+01 2.402286459816025954e-01
4.339899902343750000e+03 -3.413528683308744576e+02 9.520342194988648532e-02 -8.459742460771055050e+01 2.401355337791469258e-01
4.399979980468750000e+03 -3.542697025452738444e+02 9.516544978477348149e-02 -8.757518738602341557e+01 2.398230472884756159e-01
4.460000000000000000e+03 -3.583503927035167749e+02 9.518032021879616056e-02 -8.945628046840816694e+01 2.400197731230598042e-01
4.519950195312500000e+03 -3.458054698068355037e+02 9.510885314411542113e-02 -8.518571375292832215e+01 2.395191761748707293e-01
4.579839843750000000e+03 -3.554492437127453854e+02 9.509832727664971341e-02 -8.846629003688154569e+01 2.408796164006467289e-01
4.640029785156250000e+03 -4.060828667434571457e+02 9.529962465053407050e-02 -1.017738391202333048e+02 2.403910169415500453e-01
4.700140136718750000e+03 -4.213641363109724693e+02 9.527259144032014515e-02 -1.045740641573871557e+02 2.395972424874125983e-01
4.759830078125000000e+03 -3.280769713136829751e+02 9.495360808004273123e-02 -8.156673495235953908e+01 2.396623127841533141e-01
4.820169921875000000e+03 -3.648628388081705225e+02 9.511492427670688310e-02 -9.045954832490780007e+01 2.395906605623343011e-01
4.880069824218750000e+03 -3.179418277263592927e+02 9.495931078604624709e-02 -7.972688714312911884e+01 2.398423163787702095e-01
4.939910156250000000e+03 -3.289143749162458903e+02 9.494196170314808669e-02 -8.145273574025073060e+01 2.400324933734406530e-01
5.000029785156250000e+03 -3.019558312297069165e+02 9.514594153080228878e-02 -7.577607803574885281e+01 2.398007849041871586e-01
5.060080078125000000e+03 -3.000831372177052572e+02 9.488464381950344195e-02 -7.496677309559653679e+01 2.399385922641051327e-01
5.120049804687500000e+03 -3.008279477144584462e+02 9.524417289243720941e-02 -7.573601069363273552e+01 2.396155519363203645e-01
5.179950195312500000e+03 -3.010606012504584896e+02 9.486930960079889563e-02 -7.533160349421414992e+01 2.395985205310157407e-01
5.239870117187500000e+03 -3.189017607906491207e+02 9.490351838346200442e-02 -7.971106096197560476e+01 2.396204765371227341e-01
5.299850097656250000e+03 -3.306117411337157250e+02 9.518070538246510559e-02 -8.243826040526653287e+01 2.389698282248794714e-01
5.360100097656250000e+03 -3.429386232166970672e+02 9.521546645685730059e-02 -8.588983428913782348e+01 2.401455680694149497e-01
5.419919921875000000e+03 -3.574532123538438668e+02 9.523560542206459256e-02 -8.937596380762245474e+01 2.397598263518592177e-01
5.480009765625000000e+03 -3.684085130235043835e+02 9.538133426341663390e-02 -9.188121710212466553e+01 2.398598335657772807e-01
5.540009765625000000e+03 -3.791201916336704016e+02 9.545688537029209386e-02 -9.457405524653927387e+01 2.404707548769447201e-01
5.599930175781250000e+03 -3.882347554142967283e+02 9.526947256907225547e-02 -9.669031506803159459e+01 2.405550608349789066e-01
5.660129882812500000e+03 -3.969038496874200064e+02 9.518815143933771761e-02 -9.892288964472257362e+01 2.405606401885062584e-01
5.719879882812500000e+03 -4.065276361093457353e+02 9.537156660194452684e-02 -1.011901247366093486e+02 2.397696799443805593e-01
5.779890136718750000e+03 -4.149774740894604292e+02 9.524810108087884697e-02 -1.030042724048654890e+02 2.396437239756537552e-01
5.840169921875000000e+03 -4.262565146777059795e+02 9.563496744068947231e-02 -1.062523877323666142e+02 2.395960342822831268e-01
5.900009765625000000e+03 -4.311426014582381185e+02 9.542620070894761164e-02 -1.070315556119241336e+02 2.406563039490574873e-01
5.960109863281250000e+03 -4.234659032729020396e+02 9.524147313891893896e-02 -1.051827541082094939e+02 2.397335766123538936e-01
6.020109863281250000e+03 -4.176911684627457930e+02 9.532432031247627113e-02 -1.034164604014893882e+02 2.403177744236146274e-01
6.080020019531250000e+03 -4.192230004849412239e+02 9.547152619389634443e-02 -1.036646044767472716e+02 2.394929648506313458e-01
6.139839843750000000e+03 -4.331682371638029849e+02 9.537258022430261661e-02 -1.081024663093810148e+02 2.399812682275250242e-01
6.199910156250000000e+03 -4.498865808700409730e+02 9.533640784816888036e-02 -1.104743623336748470e+02 2.396658560757552181e-01
6.259879882812500000e+03 -4.170451113902233260e+02 9.535592098304748743e-02 -1.024856256507954839e+02 2.434095608982957126e-01
6.320109863281250000e+03 -4.092273267304461797e+02 9.531514781841109174e-02 -1.011712950498718868e+02 2.396650549234860539e-01
6.379879882812500000e+03 -3.923549363477390557e+02 9.526129404741465190e-02 -9.676464492659702898e+01 2.397622549477480547e-01
6.439899902343750000e+03 -3.881866598927278460e+02 9.509958162180257024e-02 -9.611589611595618976e+01 2.394153571513470413e-01
6.500160156250000000e+03 -4.020697912421641718e+02 9.543484117665688993e-02 -9.897694383827233366e+01 2.397232037509094138e-01
6.559979980468750000e+03 -3.734000710152480451e+02 9.520797521417248555e-02 -9.280748595846375792e+01 2.400122926524444200e-01
6.620029785156250000e+03 -3.727255707601812560e+02 9.538324064920204737e-02 -9.286527895723718018e+01 2.397771295976760808e-01
6.679970214843750000e+03 -3.805557852460199797e+02 9.528244721339849954e-02 -9.483186358996593412e+01 2.401867502886834982e-01
6.740160156250000000e+03 -3.790779710606045114e+02 9.523715874148422356e-02 -9.508274025292143961e+01 2.397917786783199667e-01
6.799890136718750000e+03 -3.744677359370902536e+02 9.537082391096553258e-02 -9.512940175038887958e+01 2.407255347061414974e-01
6.859850097656250000e+03 -4.073266374108274590e+02 9.529741093710696054e-02 -1.040930388499660779e+02 2.395773112528357118e-01
6.920049804687500000e+03 -3.897100879825075026e+02 9.522671032244366118e-02 -9.993309748916138346e+01 2.402932355323879332e-01
6.980120117187500000e+03 -3.367012792625554312e+02 9.486770402882828412e-02 -8.916111328809655845e+01 2.401359208923145860e-01
7.040089843750000000e+03 -1.225879475121037387e+02 9.487464068654008487e-02 -3.204935201476407514e+01 2.397894484736408371e-01
7.099930175781250000e+03 -1.202682380219404052e+02 9.488577442965416553e-02 -3.253471600799203145e+01 2.401237647639082318e-01
7.160009765625000000e+03 -1.187023566227299796e+02 9.488575233161829214e-02 -3.292463414616445050e+01 2.400232626766683475e-01
7.219950195312500000e+03 -1.174641501381355368e+02 9.490741237863235813e-02 -3.356032931020927634e+01 2.399623499504781599e-01
7.280120117187500000e+03 -1.163474612511923709e+02 9.476925687052795144e-02 -3.448819573687698892e+01 2.403426910013286844e-01
7.340169921875000000e+03 -1.148282853158337105e+02 9.476974752599211238e-02 -3.565191766072944546e+01 2.397062701607236002e-01
7.400089843750000000e+03 -1.136243846246688918e+02 9.478820831747347686e-02 -3.607930057792616907e+01 2.402000827420798512e-01
7.459879882812500000e+03 -1.121292499301639367e+02 9.481675480411981549e-02 -3.614485591042927126e+01 2.396642056304889024e-01
7.519890136718750000e+03 -1.102336406351408868e+02 9.476378528818903135e-02 -3.630629043394202426e+01 2.402604865007339219e-01
7.580100097656250000e+03 -1.080050111472746437e+02 9.471282328618245427e-02 -3.647754223056767131e+01 2.402485469745533064e-01
7.639839843750000000e+03 -1.060393376684528448e+02 9.492642691848915404e-02 -3.643902914037663976e+01 2.396521853794899848e-01
7.700129882812500000e+03 -1.038059182504841118e+02 9.484406607019564561e-02 -3.637603562955752068e+01 2.397312514992725740e-01
7.759939941406250000e+03 -1.011973737357484424e+02 9.497893983088580294e-02 -3.578912785119826623e+01 2.397534844712704838e-01
7.819950195312500000e+03 -9.845767059887293726e+01 9.477317612344340891e-02 -3.549035748125940870e+01 2.406047805205173695e-01
7.880160156250000000e+03 -9.574109868953094349e+01 9.472039178802159343e-02 -3.473273439896786385e+01 2.398888065226616462e-01
7.939899902343750000e+03 -9.325855517373236125e+01 9.477392282364505149e-02 -3.402361518073767854e+01 2.402882430788020052e-01
8.000149902343750000e+03 -9.121162685664162950e+01 9.459892187898773230e-02 -3.356548313247956372e+01 2.397676395296627627e-01
8.059939941406250000e+03 -8.874040130051172071e+01 9.485835356412179731e-02 -3.347209860122912772e+01 2.400535492140400406e-01
8.119910156250000000e+03 -8.691348824039778265e+01 9.457433668402910609e-02 -3.248359754915376385e+01 2.403529147706409685e-01
8.180060058593750000e+03 -8.552875029287058339e+01 9.474587576917838094e-02 -3.248873180783255776e+01 2.396087847364750389e-01
8.240070312500000000e+03 -8.559806308878135894e+01 9.448679793437260444e-02 -3.243661781702344626e+01 2.401745123487875888e-01
8.299919921875000000e+03 -8.379010761554955877e+01 9.473927668409311276e-02 -3.293488837934876301e+01 2.406769683073168020e-01
8.359950195312500000e+03 -8.368215930136601344e+01 9.480083585558785053e-02 -3.340608833602386341e+01 2.400482879262239300e-01
8.420160156250000000e+03 -8.383510269028384698e+01 9.466165641495720429e-02 -3.392576759432585476e+01 2.405894758799641819e-01
8.479879882812500000e+03 -8.420952398028512675e+01 9.483796379452746894e-02 -3.434470875256462108e+01 2.399735368988475670e-01
8.540089843750000000e+03 -8.531495738164383624e+01 9.479878914362480091e-02 -3.584013239849802801e+01 2.391596512157926624e-01
8.600150390625000000e+03 -8.655329783179296044e+01 9.468401227692681277e-02 -3.655048558099945666e+01 2.397110056526819133e-01
8.660040039062500000e+03 -8.800013885141814285e+01 9.478154158584371769e-02 -3.830167585840708000e+01 2.394390902085074269e-01
8.720089843750000000e+03 -8.972696786963321358e+01 9.474434184813929072e-02 -3.917701035646749830e+01 2.398098607931760939e-01
8.779980468750000000e+03 -9.176119367594273513e+01 9.443497564220733331e-02 -4.078058729901446355e+01 2.399378523484846926e-01
8.840009765625000000e+03 -9.550495529177325693e+01 9.489140166419464395e-02 -4.288387536550963119e+01 2.396401082622287848e-01
8.899879882812500000e+03 -9.538573225108784470e+01 9.473241973523713333e-02 -4.399572704784589661e+01 2.403323994457104984e-01
8.959900390625000000e+03 -9.785702449538804615e+01 9.455506587108496175e-02 -4.557134428799209758e+01 2.400678762522605314e-01
9.020059570312500000e+03 -9.872938774685381702e+01 9.467568930139434735e-02 -4.637584942668161148e+01 2.400985224402856499e-01
9.080040039062500000e+03 -9.968109061343139388e+01 9.485897104748435005e-02 -4.751302871176245901e+01 2.398247840758796490e-01
9.139849609375000000e+03 -1.022334224450248570e+02 9.478243812237581445e-02 -4.986241317326630451e+01 2.410008824318251031e-01
9.200099609375000000e+03 -1.026374608307779255e+02 9.468151554828205252e-02 -5.088547575278948187e+01 2.402207643087230782e-01
9.259860351562500000e+03 -1.030674373615970154e+02 9.472068304584720100e-02 -5.138841431600722132e+01 2.404773769789567972e-01
9.320049804687500000e+03 -1.035296589646394381e+02 9.469152976145323031e-02 -5.323131252299271665e+01 2.396826341330866861e-01
9.380059570312500000e+03 -1.044959249175829257e+02 9.474345368462824823e-02 -5.426043515942365758e+01 2.399512864927876576e-01
9.439879882812500000e+03 -1.045421462263287822e+02 9.478386684394302097e-02 -5.501357992034626676e+01 2.399394275256472586e-01
9.500129882812500000e+03 -1.050830004676326297e+02 9.481392647936479068e-02 -5.680233129751851351e+01 2.405225822832824378e-01
9.559870117187500000e+03 -1.041456878765574601e+02 9.472010529992047623e-02 -5.671348014587633912e+01 2.406998159532214021e-01
9.620030273437500000e+03 -1.034422540297321405e+02 9.483035560346193826e-02 -5.757021416596899144e+01 2.399750456310112412e-01
9.679990234375000000e+03 -1.027705349920619966e+02 9.504268897725240417e-02 -5.748723787154342801e+01 2.396287289906824658e-01
9.740059570312500000e+03 -1.015238103165062569e+02 9.499193540922598600e-02 -5.742763754026767486e+01 2.399190587177184586e-01
9.799919921875000000e+03 -1.011585618852933379e+02 9.486766371051603974e-02 -5.839323526364997008e+01 2.398074581137436267e-01
9.859870117187500000e+03 -9.721129270364751562e+01 9.478842046250010589e-02 -5.646150570198600604e+01 2.401147652540991939e-01
9.919919921875000000e+03 -9.568143830549703921e+01 9.476573266337992574e-02 -5.587330098235825915e+01 2.397186411300422926e-01
9.980059570312500000e+03 -9.056574563326314831e+01 9.477050699769007380e-02 -5.387409592262080338e+01 2.407737003704874257e-01
10.020059570312500000e+03 -9.056574563326314831e+01 9.477050699769007380e-02 -5.387409592262080338e+01 2.407737003704874257e-01
