2.000000000000000000e+03 1.439000000000000000e+12 8.634000000000000000e+10
2.100000000000000000e+03 1.449000000000000000e+12 5.651100000000000000e+10
2.200000000000000000e+03 1.488000000000000000e+12 1.785600000000000000e+10
2.300000000000000000e+03 1.549000000000000000e+12 2.013700000000000000e+10
2.400000000000000000e+03 1.609000000000000000e+12 1.930800000000000000e+10
2.500000000000000000e+03 1.500000000000000000e+12 1.950000000000000000e+10
2.600000000000000000e+03 1.356000000000000000e+12 1.627200000000000000e+10
2.700000000000000000e+03 1.223000000000000000e+12 1.345300000000000000e+10
2.800000000000000000e+03 1.246000000000000000e+12 1.370600000000000000e+10
2.900000000000000000e+03 1.392000000000000000e+12 1.531200000000000191e+10
3.000000000000000000e+03 1.574000000000000000e+12 1.731400000000000381e+10
3.100000000000000000e+03 1.654000000000000000e+12 1.654000000000000000e+10
3.200000000000000000e+03 1.705000000000000000e+12 1.923327666441680527e+10
3.300000000000000000e+03 1.739000000000000000e+12 1.961681414628787231e+10
3.400000000000000000e+03 1.767000000000000000e+12 1.993266854312286758e+10
3.500000000000000000e+03 1.785000000000000000e+12 1.008525000000000191e+10
3.600000000000000000e+03 1.736000000000000000e+12 8.777106812612001419e+09
3.700000000000000000e+03 1.722000000000000000e+12 8.365890007046470642e+09
3.800000000000000000e+03 1.853000000000000000e+12 8.636351747265739441e+09
3.900000000000000000e+03 2.000000000000000000e+12 8.139410298049853325e+09
4.000000000000000000e+03 2.121000000000000000e+12 8.215282198591841698e+09
4.100000000000000000e+03 2.225000000000000000e+12 7.746867209556390762e+09
4.200000000000000000e+03 2.321000000000000000e+12 7.628467106994693756e+09
4.300000000000000000e+03 2.406000000000000000e+12 7.440144101427068710e+09
4.400000000000000000e+03 2.491000000000000000e+12 7.220678160844727516e+09
4.500000000000000000e+03 2.570000000000000000e+12 6.954450391655692101e+09
4.600000000000000000e+03 2.647000000000000000e+12 6.655770834584075928e+09
4.700000000000000000e+03 2.720000000000000000e+12 6.322171778748186111e+09
4.800000000000000000e+03 2.792000000000000000e+12 6.489523384656225204e+09
4.900000000000000000e+03 2.863000000000000000e+12 6.654550662704432487e+09
5.000000000000000000e+03 2.932000000000000000e+12 6.814929285032971382e+09
5.100000000000000000e+03 3.001000000000000000e+12 6.975307907361508369e+09
5.200000000000000000e+03 3.069000000000000000e+12 6.555386873594876289e+09
5.300000000000000000e+03 3.136000000000000000e+12 6.698498936328945160e+09
5.400000000000000000e+03 3.202000000000000000e+12 6.839474998126684189e+09
5.500000000000000000e+03 3.267000000000000000e+12 6.978315058988094330e+09
5.600000000000000000e+03 3.332000000000000000e+12 7.117155119849504471e+09
5.700000000000000000e+03 3.395000000000000000e+12 7.251723178838255882e+09
5.800000000000000000e+03 3.460000000000000000e+12 7.390563239699665070e+09
5.900000000000000000e+03 3.523000000000000000e+12 7.525131298688416481e+09
6.000000000000000000e+03 3.587000000000000000e+12 7.661835358613497734e+09
6.100000000000000000e+03 3.649000000000000000e+12 7.794267416665919304e+09
6.200000000000000000e+03 3.712000000000000000e+12 7.928835475654670715e+09
6.300000000000000000e+03 3.774000000000000000e+12 8.061267533707091331e+09
6.400000000000000000e+03 3.836000000000000000e+12 8.193699591759512901e+09
6.500000000000000000e+03 3.899000000000000000e+12 8.328267650748264313e+09
6.600000000000000000e+03 3.960000000000000000e+12 8.458563707864356995e+09
6.700000000000000000e+03 4.021000000000000000e+12 8.588859764980449677e+09
6.800000000000000000e+03 4.083000000000000000e+12 8.721291823032871246e+09
6.900000000000000000e+03 4.145000000000000000e+12 8.853723881085292816e+09
7.000000000000000000e+03 4.206000000000000000e+12 8.984019938201385498e+09
7.100000000000000000e+03 4.267000000000000000e+12 9.114315995317478180e+09
7.200000000000000000e+03 4.329000000000000000e+12 9.246748053369897842e+09
7.300000000000000000e+03 4.389000000000000000e+12 9.374908109549661636e+09
7.400000000000000000e+03 4.452000000000000000e+12 9.509476168538414001e+09
7.500000000000000000e+03 4.513000000000000000e+12 9.639772225654504776e+09
7.600000000000000000e+03 4.574000000000000000e+12 9.770068282770597458e+09
7.700000000000000000e+03 4.635000000000000000e+12 9.900364339886690140e+09
7.800000000000000000e+03 4.696000000000000000e+12 1.003066039700278282e+10
7.900000000000000000e+03 4.757000000000000000e+12 1.016095645411887360e+10
8.000000000000000000e+03 4.818000000000000000e+12 1.029125251123496628e+10
8.100000000000000000e+03 4.879000000000000000e+12 1.042154856835105896e+10
8.200000000000000000e+03 4.940000000000000000e+12 1.055184462546715164e+10
8.300000000000000000e+03 5.000000000000000000e+12 1.068000468164691544e+10
8.400000000000000000e+03 5.060000000000000000e+12 1.080816473782667923e+10
8.500000000000000000e+03 5.119000000000000000e+12 1.093418879307011223e+10
8.600000000000000000e+03 5.177000000000000000e+12 1.105807684737721634e+10
8.700000000000000000e+03 5.236000000000000000e+12 1.118410090262064934e+10
8.800000000000000000e+03 5.293000000000000000e+12 1.130585295599142265e+10
8.900000000000000000e+03 5.348000000000000000e+12 1.142333300748954010e+10
9.000000000000000000e+03 5.404000000000000000e+12 1.154294905992398643e+10
9.100000000000000000e+03 5.457000000000000000e+12 1.165615710954944420e+10
9.200000000000000000e+03 5.508000000000000000e+12 1.176509315730224037e+10
9.300000000000000000e+03 5.554000000000000000e+12 1.186334920037339401e+10
9.400000000000000000e+03 5.593000000000000000e+12 1.194665323689023972e+10
9.500000000000000000e+03 5.626000000000000000e+12 1.201714126778910828e+10
9.600000000000000000e+03 5.655000000000000000e+12 4.071600000000000000e+10
9.700000000000000000e+03 5.658000000000000000e+12 4.639560000000000000e+10
9.800000000000000000e+03 5.626000000000000000e+12 5.288440000000000000e+10
9.900000000000000000e+03 5.547000000000000000e+12 5.547000000000000000e+10
1.000000000000000000e+04 5.422000000000000000e+12 6.506400000000000000e+10
1.010000000000000000e+04 5.219000000000000000e+12 6.784700000000000000e+10
1.020000000000000000e+04 4.939000000000000000e+12 6.914600000000000000e+10
1.030000000000000000e+04 4.563000000000000000e+12 7.300800000000000000e+10
1.040000000000000000e+04 4.103000000000000000e+12 7.385400000000000000e+10
1.050000000000000000e+04 3.574000000000000000e+12 7.148000000000000000e+10
1.060000000000000000e+04 2.998000000000000000e+12 6.595600000000000763e+10
1.070000000000000000e+04 2.502000000000000000e+12 6.004800000000000000e+10
1.080000000000000000e+04 2.117000000000000000e+12 5.504200000000000000e+10
1.090000000000000000e+04 1.758000000000000000e+12 4.922400000000000000e+10
1.100000000000000000e+04 1.436000000000000000e+12 4.164400000000000000e+10
