2.000000000000000000e+03 1.456000000000000000e+11 8.736000000000000000e+09
2.050000000000000000e+03 1.446000000000000000e+11 6.217800000000000000e+09
2.100000000000000000e+03 1.462000000000000000e+11 5.701800000000000000e+09
2.150000000000000000e+03 1.491000000000000000e+11 5.516700000000000000e+09
2.200000000000000000e+03 1.499000000000000000e+11 1.798800000000000000e+09
2.250000000000000000e+03 1.509000000000000000e+11 1.810800000000000000e+09
2.300000000000000000e+03 1.557000000000000000e+11 2.024100000000000000e+09
2.350000000000000000e+03 1.623000000000000000e+11 1.947600000000000000e+09
2.400000000000000000e+03 1.613000000000000000e+11 1.935600000000000000e+09
2.450000000000000000e+03 1.568000000000000000e+11 1.881600000000000000e+09
2.500000000000000000e+03 1.502000000000000000e+11 1.952600000000000000e+09
2.550000000000000000e+03 1.423000000000000000e+11 1.707600000000000000e+09
2.600000000000000000e+03 1.355000000000000000e+11 1.626000000000000000e+09
2.650000000000000000e+03 1.283000000000000000e+11 1.411300000000000000e+09
2.700000000000000000e+03 1.220000000000000000e+11 1.342000000000000238e+09
2.750000000000000000e+03 1.206000000000000000e+11 1.326600000000000238e+09
2.800000000000000000e+03 1.241000000000000000e+11 1.365100000000000238e+09
2.850000000000000000e+03 1.307000000000000000e+11 1.568400000000000000e+09
2.900000000000000000e+03 1.383000000000000000e+11 1.521300000000000000e+09
2.950000000000000000e+03 1.481000000000000000e+11 1.629100000000000000e+09
3.000000000000000000e+03 1.562000000000000000e+11 1.718200000000000000e+09
3.050000000000000000e+03 1.609000000000000000e+11 1.769900000000000000e+09
3.100000000000000000e+03 1.639000000000000000e+11 1.639000000000000000e+09
3.150000000000000000e+03 1.665000000000000000e+11 1.665000000000000000e+09
3.200000000000000000e+03 1.686000000000000000e+11 1.854600000000000000e+09
3.250000000000000000e+03 1.703000000000000000e+11 1.873300000000000000e+09
3.300000000000000000e+03 1.718000000000000000e+11 1.937992334866162300e+09
3.350000000000000000e+03 1.732000000000000000e+11 1.953785054707912207e+09
3.400000000000000000e+03 1.744000000000000000e+11 1.967321671715126276e+09
3.450000000000000000e+03 1.748000000000000000e+11 1.971833877384197950e+09
3.500000000000000000e+03 1.759000000000000000e+11 9.938350000000001192e+08
3.550000000000000000e+03 1.735000000000000000e+11 9.458932950523540974e+08
3.600000000000000000e+03 1.709000000000000000e+11 8.640596510802943707e+08
3.650000000000000000e+03 1.685000000000000000e+11 8.186135111424682140e+08
3.700000000000000000e+03 1.693000000000000000e+11 8.225001034802366495e+08
3.750000000000000000e+03 1.745000000000000000e+11 8.132991796534653902e+08
3.800000000000000000e+03 1.821000000000000000e+11 8.487208058160232306e+08
3.850000000000000000e+03 1.893000000000000000e+11 8.076368640824910402e+08
3.900000000000000000e+03 1.963000000000000000e+11 7.988831207535930872e+08
3.950000000000000000e+03 2.026000000000000000e+11 8.245222631924502850e+08
4.000000000000000000e+03 2.081000000000000000e+11 8.060349955336928368e+08
4.050000000000000000e+03 2.131000000000000000e+11 7.836316074693515301e+08
4.100000000000000000e+03 2.181000000000000000e+11 7.593670734401116371e+08
4.150000000000000000e+03 2.228000000000000000e+11 7.757312423771522045e+08
4.200000000000000000e+03 2.274000000000000000e+11 7.473991469756972790e+08
4.250000000000000000e+03 2.317000000000000000e+11 7.615320244251059294e+08
4.300000000000000000e+03 2.357000000000000000e+11 7.288619969685620070e+08
4.350000000000000000e+03 2.399000000000000000e+11 6.953997152897030115e+08
4.400000000000000000e+03 2.439000000000000000e+11 7.069945417222115993e+08
4.450000000000000000e+03 2.477000000000000000e+11 6.702791291879824400e+08
4.500000000000000000e+03 2.516000000000000000e+11 6.808325753076156378e+08
4.550000000000000000e+03 2.553000000000000000e+11 6.419411764523289204e+08
4.600000000000000000e+03 2.591000000000000000e+11 6.514961175824457407e+08
4.650000000000000000e+03 2.626000000000000000e+11 6.103684959923800230e+08
4.700000000000000000e+03 2.663000000000000000e+11 6.189685090737653971e+08
4.750000000000000000e+03 2.699000000000000000e+11 6.273360893691674471e+08
4.800000000000000000e+03 2.733000000000000000e+11 6.352388040926026106e+08
4.850000000000000000e+03 2.768000000000000000e+11 6.433739516020212173e+08
4.900000000000000000e+03 2.802000000000000000e+11 6.512766663254565001e+08
4.950000000000000000e+03 2.837000000000000000e+11 6.594118138348751068e+08
5.000000000000000000e+03 2.871000000000000000e+11 6.673145285583102703e+08
5.050000000000000000e+03 2.905000000000000000e+11 6.752172432817455530e+08
5.100000000000000000e+03 2.939000000000000000e+11 6.831199580051808357e+08
5.150000000000000000e+03 2.973000000000000000e+11 6.350330783707255125e+08
5.200000000000000000e+03 3.006000000000000000e+11 6.420818814606125355e+08
5.250000000000000000e+03 3.040000000000000000e+11 6.493442846441324949e+08
5.300000000000000000e+03 3.073000000000000000e+11 6.563930877340193987e+08
5.350000000000000000e+03 3.105000000000000000e+11 6.632282907302734852e+08
5.400000000000000000e+03 3.139000000000000000e+11 6.704906939137933254e+08
5.450000000000000000e+03 3.171000000000000000e+11 6.773258969100474119e+08
5.500000000000000000e+03 3.203000000000000000e+11 6.841610999063013792e+08
5.550000000000000000e+03 3.236000000000000000e+11 6.912099029961884022e+08
5.600000000000000000e+03 3.269000000000000000e+11 6.982587060860753059e+08
5.650000000000000000e+03 3.302000000000000000e+11 7.053075091759622097e+08
5.700000000000000000e+03 3.333000000000000000e+11 7.119291120785833597e+08
5.750000000000000000e+03 3.365000000000000000e+11 7.187643150748373270e+08
5.800000000000000000e+03 3.398000000000000000e+11 7.258131181647244692e+08
5.850000000000000000e+03 3.430000000000000000e+11 7.326483211609784365e+08
5.900000000000000000e+03 3.461000000000000000e+11 7.392699240635993481e+08
5.950000000000000000e+03 3.494000000000000000e+11 7.463187271534864902e+08
6.000000000000000000e+03 3.526000000000000000e+11 7.531539301497404575e+08
6.050000000000000000e+03 3.558000000000000000e+11 7.599891331459944248e+08
6.100000000000000000e+03 3.589000000000000000e+11 7.666107360486155748e+08
6.150000000000000000e+03 3.622000000000000000e+11 7.736595391385024786e+08
6.200000000000000000e+03 3.653000000000000000e+11 7.802811420411236286e+08
6.250000000000000000e+03 3.684000000000000000e+11 7.869027449437446594e+08
6.300000000000000000e+03 3.716000000000000000e+11 7.937379479399987459e+08
6.350000000000000000e+03 3.747000000000000000e+11 8.003595508426197767e+08
6.400000000000000000e+03 3.779000000000000000e+11 8.071947538388738632e+08
6.450000000000000000e+03 3.810000000000000000e+11 8.138163567414948940e+08
6.500000000000000000e+03 3.842000000000000000e+11 8.206515597377489805e+08
6.550000000000000000e+03 3.873000000000000000e+11 8.272731626403700113e+08
6.600000000000000000e+03 3.904000000000000000e+11 8.338947655429911613e+08
6.650000000000000000e+03 3.935000000000000000e+11 8.405163684456121922e+08
6.700000000000000000e+03 3.967000000000000000e+11 8.473515714418662786e+08
6.750000000000000000e+03 3.998000000000000000e+11 8.539731743444873095e+08
6.800000000000000000e+03 4.029000000000000000e+11 8.605947772471084595e+08
6.850000000000000000e+03 4.060000000000000000e+11 8.672163801497294903e+08
6.900000000000000000e+03 4.092000000000000000e+11 8.740515831459835768e+08
6.950000000000000000e+03 4.122000000000000000e+11 8.804595859549716711e+08
7.000000000000000000e+03 4.153000000000000000e+11 8.870811888575928211e+08
7.050000000000000000e+03 4.184000000000000000e+11 8.937027917602139711e+08
7.100000000000000000e+03 4.214000000000000000e+11 9.001107945692019463e+08
7.150000000000000000e+03 4.245000000000000000e+11 9.067323974718230963e+08
7.200000000000000000e+03 4.276000000000000000e+11 9.133540003744441271e+08
7.250000000000000000e+03 4.306000000000000000e+11 9.197620031834323406e+08
7.300000000000000000e+03 4.337000000000000000e+11 9.263836060860534906e+08
7.350000000000000000e+03 4.368000000000000000e+11 9.330052089886745214e+08
7.400000000000000000e+03 4.399000000000000000e+11 9.396268118912956715e+08
7.450000000000000000e+03 4.429000000000000000e+11 9.460348147002837658e+08
7.500000000000000000e+03 4.460000000000000000e+11 9.526564176029047966e+08
7.550000000000000000e+03 4.491000000000000000e+11 9.592780205055259466e+08
7.600000000000000000e+03 4.520000000000000000e+11 9.654724232208812237e+08
7.650000000000000000e+03 4.550000000000000000e+11 9.718804260298691988e+08
7.700000000000000000e+03 4.580000000000000000e+11 9.782884288388574123e+08
7.750000000000000000e+03 4.611000000000000000e+11 9.849100317414785624e+08
7.800000000000000000e+03 4.640000000000000000e+11 9.911044344568338394e+08
7.850000000000000000e+03 4.669000000000000000e+11 9.972988371721888781e+08
7.900000000000000000e+03 4.700000000000000000e+11 1.003920440074810028e+09
7.950000000000000000e+03 4.729000000000000000e+11 1.010114842790165305e+09
8.000000000000000000e+03 4.759000000000000000e+11 1.016522845599153399e+09
8.050000000000000000e+03 4.788000000000000000e+11 1.022717248314508677e+09
8.100000000000000000e+03 4.818000000000000000e+11 1.029125251123496652e+09
8.150000000000000000e+03 4.848000000000000000e+11 1.035533253932484865e+09
8.200000000000000000e+03 4.876000000000000000e+11 1.041514056554207206e+09
8.250000000000000000e+03 4.905000000000000000e+11 1.047708459269562364e+09
8.300000000000000000e+03 4.934000000000000000e+11 1.053902861984917641e+09
8.350000000000000000e+03 4.963000000000000000e+11 1.060097264700272799e+09
8.400000000000000000e+03 4.992000000000000000e+11 1.066291667415628076e+09
8.450000000000000000e+03 5.019000000000000000e+11 1.072058869943717360e+09
8.500000000000000000e+03 5.047000000000000000e+11 1.078039672565439701e+09
8.550000000000000000e+03 5.076000000000000000e+11 1.084234075280794859e+09
8.600000000000000000e+03 5.103000000000000000e+11 1.090001277808884144e+09
8.650000000000000000e+03 5.131000000000000000e+11 1.095982080430606365e+09
8.700000000000000000e+03 5.159000000000000000e+11 1.101962883052328587e+09
8.750000000000000000e+03 5.186000000000000000e+11 1.107730085580418110e+09
8.800000000000000000e+03 5.213000000000000000e+11 1.113497288108507395e+09
8.850000000000000000e+03 5.239000000000000000e+11 1.119050890542963743e+09
8.900000000000000000e+03 5.265000000000000000e+11 1.124604492977420092e+09
8.950000000000000000e+03 5.292000000000000000e+11 1.130371695505509377e+09
9.000000000000000000e+03 5.318000000000000000e+11 1.135925297939965963e+09
9.050000000000000000e+03 5.343000000000000000e+11 1.141265300280789375e+09
9.100000000000000000e+03 5.369000000000000000e+11 1.146818902715245724e+09
9.150000000000000000e+03 5.392000000000000000e+11 1.151731704868803501e+09
9.200000000000000000e+03 5.417000000000000000e+11 1.157071707209626675e+09
9.250000000000000000e+03 5.440000000000000000e+11 1.161984509363184452e+09
9.300000000000000000e+03 5.461000000000000000e+11 1.166470111329476118e+09
9.350000000000000000e+03 5.482000000000000000e+11 1.170955713295767784e+09
9.400000000000000000e+03 5.499000000000000000e+11 1.174586914887527704e+09
9.450000000000000000e+03 5.516000000000000000e+11 1.178218116479287624e+09
9.500000000000000000e+03 5.531000000000000000e+11 1.181422117883781672e+09
9.550000000000000000e+03 5.557000000000000000e+11 3.667620000000000000e+09
9.600000000000000000e+03 5.560000000000000000e+11 4.003200000000000000e+09
9.650000000000000000e+03 5.563000000000000000e+11 4.227880000000000000e+09
9.700000000000000000e+03 5.565000000000000000e+11 4.563300000000000000e+09
9.750000000000000000e+03 5.556000000000000000e+11 4.889280000000000000e+09
9.800000000000000000e+03 5.535000000000000000e+11 5.202900000000000000e+09
9.850000000000000000e+03 5.504000000000000000e+11 5.504000000000000000e+09
9.900000000000000000e+03 5.461000000000000000e+11 5.461000000000000000e+09
9.950000000000000000e+03 5.407000000000000000e+11 5.947700000000000000e+09
1.000000000000000000e+04 5.342000000000000000e+11 6.410400000000000000e+09
1.005000000000000000e+04 5.255000000000000000e+11 6.306000000000000000e+09
1.010000000000000000e+04 5.147000000000000000e+11 6.691100000000000000e+09
1.015000000000000000e+04 5.018000000000000000e+11 7.025200000000000000e+09
1.020000000000000000e+04 4.877000000000000000e+11 6.827800000000000000e+09
1.025000000000000000e+04 4.706000000000000000e+11 7.059000000000000000e+09
1.030000000000000000e+04 4.513000000000000000e+11 7.220800000000000000e+09
1.035000000000000000e+04 4.300000000000000000e+11 7.310000000000000000e+09
1.040000000000000000e+04 4.066000000000000000e+11 7.318800000000000000e+09
1.045000000000000000e+04 3.823000000000000000e+11 7.263700000000000000e+09
1.050000000000000000e+04 3.549000000000000000e+11 7.098000000000000000e+09
1.055000000000000000e+04 3.277000000000000000e+11 6.881700000000000000e+09
1.060000000000000000e+04 2.985000000000000000e+11 6.567000000000000000e+09
1.065000000000000000e+04 2.715000000000000000e+11 6.244500000000000000e+09
1.070000000000000000e+04 2.499000000000000000e+11 5.997600000000000000e+09
1.075000000000000000e+04 2.304000000000000000e+11 5.760000000000000000e+09
1.080000000000000000e+04 2.121000000000000000e+11 5.514600000000000000e+09
1.085000000000000000e+04 1.939000000000000000e+11 5.235300000000000954e+09
1.090000000000000000e+04 1.768000000000000000e+11 4.950399999999999046e+09
1.095000000000000000e+04 1.598000000000000000e+11 4.634200000000000000e+09
1.100000000000000000e+04 1.450000000000000000e+11 4.205000000000000000e+09
